Actual,Predicted,Normal (1.0),Suspect (2.0),Pathological (3.0)
1.0,1.0,0.3480162809076794,0.344259735863412,0.30772398322890865
2.0,1.0,0.3489192464882249,0.3396259231924338,0.3114548303193412
1.0,1.0,0.36578395201782077,0.3399564252806303,0.2942596227015488
2.0,1.0,0.3519265153432483,0.3388805871051264,0.3091928975516252
1.0,2.0,0.3420574030464034,0.34439719724875956,0.313545399704837
1.0,1.0,0.3626529701652861,0.33973095560449396,0.29761607423021996
1.0,1.0,0.3616825464457158,0.3383153692214419,0.30000208433284226
1.0,2.0,0.3446934445266816,0.34687359405478246,0.3084329614185359
1.0,1.0,0.34724383899820394,0.34057416367377785,0.31218199732801816
1.0,1.0,0.3505627967966096,0.332978434474631,0.3164587687287593
1.0,1.0,0.35500840599194305,0.34169858884816495,0.303293005159892
1.0,1.0,0.3629790545001882,0.33504854015955393,0.3019724053402579
1.0,1.0,0.35805430766258306,0.33244074921266575,0.30950494312475113
2.0,2.0,0.3297300932245988,0.34019093552164303,0.3300789712537581
1.0,1.0,0.3524249188097015,0.33582391174716125,0.31175116944313713
1.0,1.0,0.35901427513650874,0.32612458829768354,0.3148611365658076
1.0,1.0,0.36760387617726664,0.338540114104818,0.2938560097179155
1.0,1.0,0.357406588553911,0.3483523640270267,0.29424104741906226
2.0,2.0,0.3424383305762432,0.34621420220180227,0.3113474672219546
1.0,1.0,0.3663919410799451,0.3395089031018338,0.2940991558182212
1.0,1.0,0.3426880648765314,0.3375013663295983,0.3198105687938703
1.0,1.0,0.3593852583569939,0.31656474765600945,0.32404999398699674
1.0,1.0,0.3649185823902497,0.3456049635831528,0.28947645402659744
1.0,1.0,0.34755605427508535,0.3422033001918362,0.3102406455330785
1.0,1.0,0.34368724856884286,0.327708313976303,0.3286044374548541
1.0,1.0,0.3614314787582181,0.34648128012575086,0.292087241116031
1.0,1.0,0.3624732156971568,0.3399621149163213,0.29756466938652204
1.0,2.0,0.34496837185083085,0.34867161416829473,0.3063600139808745
1.0,1.0,0.36333843076049227,0.3343346618039219,0.3023269074355859
2.0,2.0,0.3400536044628833,0.3471257090794635,0.3128206864576532
1.0,1.0,0.3528032625150922,0.34222932203306106,0.30496741545184675
1.0,1.0,0.35350657326519397,0.34253968403338914,0.30395374270141684
2.0,1.0,0.353598266982517,0.34157357391909704,0.3048281590983859
1.0,1.0,0.362628327968634,0.3292127426443399,0.30815892938702605
1.0,1.0,0.3487414478737696,0.340357172605017,0.31090137952121333
1.0,1.0,0.3649185823902497,0.3456049635831528,0.28947645402659744
1.0,1.0,0.3571374660044871,0.3337849860032687,0.3090775479922442
1.0,1.0,0.34814521410720733,0.337004509083454,0.3148502768093388
1.0,1.0,0.35512205315265977,0.3320116654897316,0.3128662813576086
1.0,1.0,0.3599590106248035,0.33911301473108413,0.3009279746441124
3.0,3.0,0.3281621042715655,0.31876053754594935,0.3530773581824852
2.0,2.0,0.3450949001012534,0.34640420326159427,0.3085008966371524
1.0,1.0,0.34777474304246914,0.3188050283592502,0.33342022859828074
1.0,1.0,0.36454071945605815,0.3348015057004826,0.3006577748434593
1.0,1.0,0.35842880580858477,0.3279928635330602,0.313578330658355
1.0,1.0,0.36479403103623403,0.3320662819094337,0.30313968705433225
1.0,1.0,0.35144762873608565,0.3407360815400929,0.3078162897238215
1.0,1.0,0.3596115642299264,0.3416030367530764,0.2987853990169972
1.0,1.0,0.3410013440957939,0.33157242378322693,0.32742623212097915
2.0,1.0,0.3488621314985554,0.34403665769055214,0.30710121081089253
1.0,1.0,0.35860649778109505,0.33584892177972164,0.30554458043918326
1.0,1.0,0.3482365184601449,0.33085687208369613,0.32090660945615895
1.0,1.0,0.3605026253361343,0.34208550768105433,0.2974118669828114
1.0,1.0,0.3549128107437577,0.34398935407996434,0.30109783517627786
1.0,1.0,0.3605679111788223,0.3390381091290385,0.3003939796921393
1.0,1.0,0.3640731625377879,0.3454814927136673,0.29044534474854483
1.0,1.0,0.34426142093539186,0.3412274589400232,0.314511120124585
2.0,2.0,0.34306998456072374,0.3458471014836401,0.31108291395563614
1.0,1.0,0.35594651941135463,0.343186736948413,0.30086674364023247
1.0,1.0,0.36102835471723266,0.34291335871826395,0.2960582865645035
1.0,1.0,0.36285771361152913,0.33746150640548483,0.299680779982986
1.0,1.0,0.3566579280535899,0.3381151425987884,0.30522692934762163
1.0,1.0,0.3539653732625287,0.3414510793960747,0.30458354734139653
3.0,3.0,0.3326232454161937,0.31719808442143355,0.35017867016237275
1.0,1.0,0.35043224254939637,0.3321456996065536,0.31742205784405003
1.0,1.0,0.35895674274884787,0.34360944202756205,0.29743381522359
1.0,1.0,0.34887393924818244,0.3286131377972431,0.3225129229545745
1.0,1.0,0.34953366855169865,0.33399189288357206,0.31647443856472934
1.0,1.0,0.36795501885594767,0.34051340774181843,0.29153157340223396
1.0,1.0,0.3573370414565033,0.3472341882915811,0.2954287702519156
3.0,3.0,0.30500476969359924,0.31708563087230746,0.37790959943409325
3.0,1.0,0.3534283318051334,0.3140828787450672,0.3324887894497994
1.0,1.0,0.3538682119087667,0.32433699316766507,0.3217947949235683
1.0,1.0,0.3617088813583196,0.33639267875651124,0.30189843988516923
2.0,2.0,0.34366556856820496,0.3439987036954592,0.31233572773633583
1.0,2.0,0.3476845124401547,0.34778572016941955,0.30452976739042587
2.0,3.0,0.3273532064515371,0.31631105402514337,0.3563357395233196
1.0,1.0,0.34632532902028706,0.33757065034163153,0.31610402063808135
1.0,1.0,0.36156122479695246,0.3446690044940217,0.29376977070902593
2.0,1.0,0.34183810810665743,0.34173550161890337,0.3164263902744393
1.0,1.0,0.3432475657662191,0.32528872234819267,0.33146371188558815
2.0,1.0,0.34580891442659,0.3423472252158029,0.31184386035760714
1.0,1.0,0.3537970624606382,0.3324055511470471,0.31379738639231475
1.0,1.0,0.36438019074539274,0.33706080615196937,0.29855900310263794
1.0,1.0,0.3589059032250581,0.33025670419928077,0.3108373925756612
1.0,1.0,0.359785429565231,0.3419980851282009,0.29821648530656814
1.0,1.0,0.36187939391622265,0.3378111234781357,0.30030948260564155
1.0,1.0,0.3514907205716417,0.34548097797507077,0.3030283014532876
1.0,1.0,0.34288649898752765,0.3335167604940688,0.3235967405184035
1.0,1.0,0.35260018180443975,0.3424537600415837,0.30494605815397663
2.0,1.0,0.3585261887655034,0.3523619302886875,0.2891118809458091
3.0,3.0,0.3155168567192488,0.31869619850798164,0.36578694477276963
2.0,2.0,0.3419677246868412,0.3435058563356156,0.3145264189775431
1.0,1.0,0.3625341808879066,0.34008344638356,0.29738237272853335
1.0,1.0,0.35621262013918153,0.3235377549643221,0.32024962489649644
1.0,2.0,0.34140922299511345,0.34504714951882265,0.31354362748606396
1.0,1.0,0.34634209307859803,0.33182364844717227,0.32183425847422975
1.0,1.0,0.35627971550293946,0.34321329492456465,0.30050698957249594
1.0,1.0,0.3514382337146102,0.34012639263485145,0.3084353736505383
1.0,1.0,0.3554461570299219,0.3402232028089276,0.3043306401611506
1.0,1.0,0.36243051508192975,0.3392986647913156,0.29827082012675465
1.0,1.0,0.3618174954664193,0.33990004880827795,0.29828245572530276
1.0,1.0,0.3543698871675617,0.33672271646691326,0.30890739636552506
1.0,1.0,0.3516980130386895,0.3411188600328147,0.30718312692849575
1.0,1.0,0.3627745054668482,0.33719134786058413,0.3000341466725678
2.0,1.0,0.3473455592738007,0.3455487850744257,0.3071056556517735
1.0,1.0,0.34284975355891806,0.33460901959993905,0.3225412268411429
1.0,1.0,0.36498595826952396,0.33868291452318106,0.29633112720729504
1.0,1.0,0.3438356293752963,0.3335554065475732,0.32260896407713047
1.0,1.0,0.35498164374101576,0.3406300220061205,0.30438833425286355
1.0,1.0,0.36379068001476644,0.3392993032160765,0.296910016769157
2.0,2.0,0.3377681248105335,0.34599769558567633,0.31623417960379013
1.0,1.0,0.36166395244016003,0.34545886295226796,0.29287718460757206
1.0,1.0,0.35758323706095185,0.33846320233520816,0.30395356060384005
1.0,1.0,0.35590899279391286,0.33570448748790743,0.3083865197181797
2.0,1.0,0.34939887465522707,0.34630575710774186,0.3042953682370311
3.0,3.0,0.3331936757570517,0.31995764961405226,0.34684867462889607
1.0,1.0,0.3476041291093712,0.33863839664098644,0.3137574742496423
1.0,1.0,0.3554142679109728,0.33094259893280453,0.3136431331562227
1.0,1.0,0.3493972119095913,0.3374240547792181,0.31317873331119056
3.0,3.0,0.3264390603288744,0.3295628690865987,0.343998070584527
1.0,1.0,0.3634913310548663,0.339297660137689,0.2972110088074448
3.0,3.0,0.3297948005428145,0.32111637672484794,0.3490888227323376
1.0,1.0,0.35598794480575086,0.33930197732615247,0.30471007786809673
2.0,2.0,0.3302324249430953,0.3433376995731425,0.32642987548376223
1.0,1.0,0.35365042500108623,0.3497794613544836,0.2965701136444302
1.0,1.0,0.36106208374923693,0.3376014158194892,0.30133650043127386
1.0,1.0,0.35365337970275096,0.3452822806481882,0.3010643396490608
1.0,1.0,0.35263245444223873,0.3457419669256848,0.3016255786320764
1.0,1.0,0.35226390634293275,0.3437281564099376,0.3040079372471297
1.0,1.0,0.3592620184760871,0.3416294002286533,0.2991085812952596
1.0,1.0,0.3630988591384066,0.3386164110294973,0.29828472983209603
1.0,1.0,0.34187644640288695,0.3395251589342566,0.31859839466285655
1.0,1.0,0.3606068781771023,0.34363061807511536,0.2957625037477824
2.0,2.0,0.33456608063788906,0.3377574520818539,0.32767646728025707
1.0,1.0,0.3651059493768178,0.33898105206791385,0.2959129985552683
3.0,1.0,0.3433028522885857,0.3271172333151744,0.32957991439623985
1.0,1.0,0.3619842661335673,0.3372222184644005,0.30079351540203225
1.0,1.0,0.35955299120971246,0.33862847924214257,0.30181852954814503
1.0,1.0,0.35819263570240606,0.33872173721943755,0.30308562707815634
1.0,1.0,0.3485961360710709,0.34486973430409934,0.30653412962482984
1.0,1.0,0.34915533890434286,0.3471841369303305,0.30366052416532663
1.0,1.0,0.351255431869684,0.32171666058070175,0.32702790754961425
2.0,1.0,0.34395407745315026,0.3439032797786411,0.3121426427682087
2.0,1.0,0.3569585751594397,0.341183295473102,0.30185812936745826
1.0,1.0,0.36386237349510675,0.3389077009031478,0.2972299256017453
1.0,1.0,0.35103839057345126,0.3379929130313665,0.3109686963951822
1.0,2.0,0.34140922299511345,0.34504714951882265,0.31354362748606396
1.0,1.0,0.3494472044229599,0.3277313980476013,0.3228213975294389
1.0,1.0,0.3534267761056662,0.3417167222072267,0.30485650168710715
2.0,1.0,0.3509062771096545,0.3460626699198993,0.3030310529704462
2.0,1.0,0.34333546208807025,0.34269786996321916,0.3139666679487107
2.0,2.0,0.3440674261802499,0.34640239717853977,0.30953017664121035
2.0,2.0,0.33999580170587274,0.34527545698674333,0.3147287413073838
2.0,2.0,0.3363136847647319,0.34483133070982236,0.31885498452544575
1.0,1.0,0.35293515719458307,0.32319523781343124,0.32386960499198575
1.0,1.0,0.35413248786074103,0.3431152788778202,0.30275223326143885
2.0,2.0,0.33925443936643895,0.34326290806547594,0.31748265256808506
1.0,1.0,0.36128684239301295,0.34107146248055614,0.29764169512643085
2.0,2.0,0.33025066770141476,0.34215316575326093,0.32759616654532436
1.0,1.0,0.359371098813924,0.34224187849016047,0.2983870226959155
1.0,1.0,0.3452816695682554,0.34347741788951347,0.3112409125422312
1.0,1.0,0.36043589888533445,0.33688264870411894,0.30268145241054667
3.0,3.0,0.332633100766898,0.32151842557693283,0.3458484736561691
2.0,2.0,0.3334595597549909,0.3423502083157786,0.32419023192923047
1.0,1.0,0.3625703534531717,0.34969945829177984,0.28773018825504854
1.0,1.0,0.3636686842333964,0.33614124987830385,0.30019006588829966
2.0,1.0,0.351024345091226,0.35039724775661507,0.2985784071521589
1.0,1.0,0.36492707343046116,0.33844076983266796,0.2966321567368709
1.0,1.0,0.35206282545963485,0.34494168423628313,0.30299549030408196
1.0,1.0,0.3545513601688146,0.33523014591985023,0.31021849391133516
1.0,1.0,0.34979828956628073,0.3410831462544944,0.3091185641792249
1.0,1.0,0.356992380582518,0.3403781427783196,0.3026294766391624
1.0,1.0,0.35371733518965004,0.3412413804436695,0.30504128436668054
1.0,1.0,0.36263225434131263,0.33958156255887734,0.29778618309981003
1.0,1.0,0.35814045833098807,0.336267802550451,0.30559173911856086
2.0,1.0,0.34596836113661034,0.3426863036124551,0.3113453352509345
1.0,1.0,0.3525446911696829,0.3191114090995873,0.32834389973072986
1.0,2.0,0.343718249305071,0.3547701212223179,0.3015116294726111
1.0,1.0,0.35585690129797287,0.3406327608984215,0.3035103378036056
1.0,1.0,0.35279578530971734,0.349772618879724,0.2974315958105588
1.0,1.0,0.3644957270850261,0.34019341185026025,0.29531086106471366
2.0,1.0,0.347562901263718,0.34012596613599044,0.31231113260029164
2.0,1.0,0.342154922696339,0.33927647753383006,0.318568599769831
1.0,1.0,0.3607855150400354,0.3316396973596627,0.3075747876003018
1.0,1.0,0.3533145445468923,0.3441153605901648,0.30257009486294284
1.0,1.0,0.36132548552166754,0.344511661778386,0.29416285269994646
1.0,1.0,0.35321271183294634,0.3480442982362407,0.2987429899308129
3.0,3.0,0.3317659414612625,0.3193132729745922,0.34892078556414524
1.0,1.0,0.3523427821749112,0.3346245360782479,0.3130326817468409
1.0,1.0,0.3595496581978316,0.33567818679260536,0.30477215500956306
1.0,1.0,0.3553022220388267,0.34427030529157504,0.3004274726695983
1.0,1.0,0.3538639688092336,0.3265815580030434,0.31955447318772295
2.0,1.0,0.34939887465522707,0.34630575710774186,0.3042953682370311
1.0,1.0,0.34823989278620204,0.3351250486722765,0.3166350585415215
3.0,3.0,0.31542511638698484,0.3222504806261798,0.3623244029868354
1.0,1.0,0.3644957270850261,0.34019341185026025,0.29531086106471366
1.0,1.0,0.35413860597754865,0.34203585623370275,0.30382553778874866
1.0,1.0,0.3547534493362138,0.332533662486143,0.31271288817764314
1.0,1.0,0.3621113238075007,0.33908082931663636,0.298807846875863
2.0,1.0,0.3472210326181506,0.3450541268186002,0.30772484056324906
1.0,1.0,0.36246216279001275,0.34155001849441136,0.29598781871557595
1.0,1.0,0.36191852766816046,0.34457400933859816,0.2935074629932414
1.0,1.0,0.3500233438081345,0.3425567976281627,0.30741985856370274
3.0,3.0,0.3378754932211824,0.32067510187922876,0.34144940489958886
1.0,1.0,0.366439507107874,0.3385317372095715,0.2950287556825546
1.0,1.0,0.3476462284692356,0.33399578882062664,0.31835798271013777
1.0,1.0,0.36192359856901934,0.347587439691395,0.2904889617395857
3.0,3.0,0.3253135074408327,0.322913246802593,0.3517732457565742
1.0,1.0,0.3552886994027027,0.3434756925940646,0.30123560800323274
2.0,2.0,0.34336446630312906,0.3452611929133313,0.3113743407835396
1.0,1.0,0.35118367555958907,0.33169717285493056,0.3171191515854803
1.0,1.0,0.36373988285892755,0.3427391243261558,0.2935209928149167
1.0,1.0,0.3702597412059698,0.3358160012177263,0.2939242575763039
2.0,2.0,0.32396808263789967,0.3385690366589826,0.33746288070311786
1.0,1.0,0.35800961314000107,0.33697578343554896,0.30501460342445
2.0,2.0,0.341061636601529,0.35595285190658343,0.30298551149188746
1.0,1.0,0.3521293698482278,0.33650276969146375,0.31136786046030845
1.0,1.0,0.36138089827963943,0.34014998677098573,0.2984691149493748
1.0,1.0,0.3581401368060956,0.3429403549177687,0.2989195082761358
2.0,1.0,0.3516936455305526,0.3464745088341109,0.3018318456353364
1.0,1.0,0.35806655509983376,0.34451872305492715,0.2974147218452392
1.0,1.0,0.36604217693194746,0.34489061002871063,0.28906721303934185
2.0,2.0,0.33469512646246935,0.3456583061291698,0.31964656740836084
1.0,1.0,0.3539110443869683,0.3426054552751424,0.30348350033788923
1.0,1.0,0.36479540986198505,0.3425266719495034,0.29267791818851147
2.0,3.0,0.32563259888164253,0.33506644826926485,0.3393009528490926
1.0,1.0,0.3491545854610566,0.3335880035387542,0.3172574110001893
1.0,1.0,0.3433204387272743,0.3395459625222332,0.3171335987504926
1.0,1.0,0.3551227183047308,0.3419602572183819,0.3029170244768873
1.0,1.0,0.36018580149994406,0.3334896637720381,0.30632453472801774
1.0,1.0,0.3606397147331037,0.32327139753642053,0.3160888877304757
1.0,1.0,0.35434667507395895,0.3378336090271235,0.30781971589891755
1.0,1.0,0.3643678442427619,0.33597806098007554,0.29965409477716265
1.0,1.0,0.35192098187049575,0.3336692084070192,0.314409809722485
3.0,1.0,0.3441411199588454,0.3282992582126278,0.32755962182852677
1.0,1.0,0.36085615052726716,0.3414709991538111,0.2976728503189217
1.0,1.0,0.3653266953114819,0.33777578996757446,0.2968975147209437
3.0,3.0,0.31978845779231146,0.32619702198364525,0.35401452022404317
1.0,1.0,0.3488675803110664,0.33057352417461455,0.32055889551431893
3.0,1.0,0.33760051711040306,0.3248547950669953,0.33754468782260155
2.0,2.0,0.33062960096061245,0.3449523171360351,0.32441808190335253
1.0,2.0,0.3469495548708211,0.34928813162243405,0.3037623135067448
1.0,1.0,0.36076250392245085,0.3471541402001004,0.2920833558774488
1.0,1.0,0.34880428622784004,0.34396748931938054,0.3072282244527795
1.0,1.0,0.3547248470794481,0.33501281285670975,0.3102623400638422
1.0,1.0,0.35652995773766427,0.3345722556488222,0.3088977866135135
1.0,1.0,0.3578197081274317,0.34526252714947603,0.29691776472309234
1.0,1.0,0.3403164033167773,0.3368618678326611,0.32282172885056165
2.0,2.0,0.3407998711996745,0.35055545325275633,0.30864467554756914
1.0,1.0,0.36202826589717874,0.33966540472208645,0.2983063293807348
1.0,1.0,0.3651059493768178,0.33898105206791385,0.2959129985552683
1.0,1.0,0.3614956919786609,0.3379294529915469,0.3005748550297922
1.0,1.0,0.35097797054116037,0.3406355582497576,0.30838647120908197
2.0,2.0,0.3277866332893693,0.3398003829925653,0.3324129837180653
3.0,3.0,0.32518860864728977,0.3313249729085505,0.34348641844415967
1.0,1.0,0.3585149562846714,0.3416693557408554,0.2998156879744732
1.0,1.0,0.35961628690938124,0.3390945450148737,0.30128916807574513
1.0,1.0,0.344341914776823,0.32225069880989565,0.3334073864132814
1.0,1.0,0.355244878783636,0.3397397066302733,0.30501541458609077
1.0,2.0,0.3420574030464034,0.34439719724875956,0.313545399704837
1.0,1.0,0.35661629567630476,0.33132698362099716,0.312056720702698
1.0,1.0,0.34939887465522707,0.34630575710774186,0.3042953682370311
1.0,1.0,0.35695501751983677,0.32996401286891913,0.31308096961124415
1.0,1.0,0.34920565941405185,0.3302222175251877,0.3205721230607604
1.0,1.0,0.3518845444727784,0.33583640184725927,0.3122790536799622
1.0,1.0,0.37033919690881323,0.33634648915737625,0.2933143139338104
1.0,1.0,0.362026207365686,0.34166919910738736,0.29630459352692673
1.0,1.0,0.3612818150436546,0.34135270560156034,0.29736547935478513
1.0,1.0,0.35303896213481467,0.34316435448632693,0.30379668337885846
2.0,1.0,0.3542772841759177,0.3471365980543947,0.29858611776968763
1.0,1.0,0.35297086404402594,0.3287361716400352,0.3182929643159388
2.0,1.0,0.3487863720457883,0.3435144799848738,0.30769914796933795
1.0,1.0,0.3639401909882662,0.33828355587798775,0.29777625313374617
1.0,1.0,0.3535070139251027,0.34153250030784105,0.3049604857670562
1.0,1.0,0.34906813813480925,0.3456679097321986,0.30526395213299223
1.0,1.0,0.3636621155854041,0.34402763658558344,0.29231024782901244
1.0,1.0,0.3570993797339505,0.34268250934680156,0.300218110919248
1.0,1.0,0.3501051088674654,0.34700239524857396,0.3028924958839607
2.0,2.0,0.33095945423407425,0.34453677481829237,0.32450377094763344
1.0,1.0,0.3608912292371463,0.3415620346047966,0.2975467361580571
1.0,1.0,0.3602625781898521,0.3283717126025591,0.3113657092075888
1.0,1.0,0.36161152817028586,0.3272390427336744,0.3111494290960398
1.0,1.0,0.3625028719365889,0.3467345336084993,0.29076259445491176
2.0,1.0,0.35667397957679986,0.34569774464802583,0.29762827577517437
1.0,1.0,0.3542805255999824,0.32941829097679043,0.31630118342322716
1.0,1.0,0.34571170124962775,0.33620213392463183,0.31808616482574037
1.0,1.0,0.3549656661263781,0.3500244384626547,0.2950098954109673
1.0,1.0,0.3624954456264883,0.340883759553089,0.29662079482042264
3.0,2.0,0.3350763618819335,0.3389549037299616,0.3259687343881048
1.0,2.0,0.34604628080355065,0.348859108210705,0.30509461098574436
1.0,1.0,0.35837364605622046,0.3417363185016568,0.2998900354421227
2.0,2.0,0.34031936622736253,0.34534000020157235,0.3143406335710651
1.0,1.0,0.36758420320492513,0.3387490777981397,0.29366671899693525
1.0,1.0,0.3605026253361343,0.34208550768105433,0.2974118669828114
1.0,1.0,0.3590030117004471,0.3282594180205522,0.3127375702790007
1.0,1.0,0.3515060950955217,0.3364714369825638,0.31202246792191457
2.0,2.0,0.3291255393905483,0.34727655995391177,0.3235979006555399
1.0,1.0,0.3643678442427619,0.33597806098007554,0.29965409477716265
2.0,2.0,0.3397420217829263,0.35055593167185456,0.30970204654521916
3.0,3.0,0.3336139390850637,0.33036789782771936,0.3360181630872169
2.0,1.0,0.3590331429902729,0.34627359392809587,0.29469326308163124
1.0,1.0,0.3434867633231036,0.3346379579119616,0.32187527876493477
1.0,1.0,0.3616392847472514,0.33531714773111027,0.30304356752163847
1.0,1.0,0.35601819664902207,0.3352921626493854,0.30868964070159255
1.0,1.0,0.360411484472255,0.3405259322461328,0.2990625832816122
2.0,2.0,0.3386421313992758,0.3466365738549501,0.3147212947457742
1.0,1.0,0.3626313309029943,0.3396733499195638,0.29769531917744185
1.0,1.0,0.35539193040227013,0.3312607360535414,0.3133473335441885
1.0,1.0,0.36084047774348527,0.3399614188537704,0.2991981034027444
1.0,1.0,0.3636561993009007,0.339605696269344,0.2967381044297553
3.0,1.0,0.33959612784997506,0.32731160837947015,0.33309226377055484
1.0,1.0,0.3546049699323349,0.3433702423867254,0.3020247876809397
1.0,1.0,0.34831490851778635,0.3280659114342923,0.3236191800479214
1.0,1.0,0.3613477877091647,0.3471053254194161,0.2915468868714193
1.0,1.0,0.35776545548787336,0.3376310292915494,0.3046035152205772
1.0,1.0,0.35529684573216236,0.33062454061604263,0.314078613651795
1.0,1.0,0.34893455192209644,0.3378818815069083,0.3131835665709954
1.0,1.0,0.36311626276184233,0.34473392393226676,0.29214981330589085
3.0,3.0,0.3143507178582069,0.3204909401150486,0.36515834202674463
2.0,1.0,0.35163607257507307,0.35059093031773886,0.29777299710718813
3.0,3.0,0.32831366442495563,0.31802621777655643,0.35366011779848794
1.0,1.0,0.3583891664440603,0.3369622876940081,0.3046485458619316
3.0,3.0,0.3273011582407422,0.31810525602277007,0.35459358573648775
2.0,2.0,0.34137912345297144,0.3447599881441933,0.3138608884028352
2.0,2.0,0.3396573843148155,0.34623131220891845,0.31411130347626603
2.0,1.0,0.3609204213188965,0.34487779448065753,0.294201784200446
3.0,3.0,0.32763636600294394,0.3173725581338937,0.35499107586316236
1.0,1.0,0.3517514795584766,0.34450805168613663,0.30374046875538685
1.0,1.0,0.3501997611615673,0.34172856962812925,0.3080716692103034
2.0,2.0,0.3375947337391061,0.34805031020042526,0.31435495606046876
1.0,1.0,0.358607555121483,0.3390064605308077,0.30238598434770936
1.0,1.0,0.3483157889321856,0.3294419834299385,0.3222422276378758
1.0,1.0,0.35568575906922306,0.34573940013064935,0.2985748408001276
2.0,2.0,0.32835225026505305,0.3450598319758861,0.3265879177590608
1.0,1.0,0.3637376981336423,0.34551182339438363,0.29075047847197405
1.0,1.0,0.3611133562395941,0.34668098511350226,0.2922056586469037
1.0,1.0,0.356920055142245,0.34383090556671414,0.29924903929104096
1.0,1.0,0.3516302000975066,0.33514372777120244,0.31322607213129083
1.0,1.0,0.35466641323340126,0.33831054128618243,0.30702304548041637
1.0,1.0,0.35896044481953343,0.33817191918913186,0.30286763599133476
1.0,1.0,0.3623729820849415,0.34776801372037563,0.28985900419468286
1.0,1.0,0.35401300099959054,0.33887076860441595,0.30711623039599345
1.0,1.0,0.35464371748046336,0.33263437298503046,0.31272190953450624
1.0,1.0,0.35862402837897434,0.34240438059640427,0.29897159102462134
1.0,1.0,0.35041201376020054,0.3498621879755718,0.2997257982642276
1.0,1.0,0.3455842503663809,0.33184133880199335,0.3225744108316258
1.0,1.0,0.3625341808879066,0.34008344638356,0.29738237272853335
1.0,1.0,0.3565716015694193,0.3370899720295741,0.30633842640100656
1.0,2.0,0.34140922299511345,0.34504714951882265,0.31354362748606396
1.0,1.0,0.35734208427223396,0.3422265692542997,0.3004313464734663
2.0,2.0,0.3377681248105335,0.34599769558567633,0.31623417960379013
1.0,1.0,0.36854323270443556,0.322535280496396,0.30892148679916837
1.0,1.0,0.35623272211621015,0.32751393832909625,0.3162533395546935
1.0,1.0,0.3533092452100398,0.3393252771128527,0.3073654776771074
1.0,1.0,0.35087854734566537,0.3423155202823406,0.30680593237199416
1.0,1.0,0.35044543020404967,0.3389375091533703,0.31061706064257993
1.0,1.0,0.3517386258699889,0.3188684352768744,0.3293929388531367
1.0,1.0,0.3599303998000427,0.3459692896944845,0.29410031050547286
2.0,1.0,0.3476413247246511,0.3419631630351982,0.3103955122401507
1.0,1.0,0.3574873206146452,0.339365459388144,0.3031472199972108
1.0,1.0,0.36387246196312856,0.3329859683775598,0.3031415696593116
1.0,1.0,0.3474945691892583,0.3358677593716986,0.31663767143904303
1.0,1.0,0.3450234874092136,0.3324567163191682,0.3225197962716182
1.0,1.0,0.3625286422270347,0.340585806014661,0.29688555175830433
1.0,1.0,0.34502512581093747,0.33687939423882446,0.3180954799502381
2.0,2.0,0.3310866876717105,0.3431395724875991,0.3257737398406905
1.0,1.0,0.36175921144559514,0.33892407398747204,0.2993167145669328
1.0,1.0,0.3481985439267296,0.3438453184004676,0.3079561376728029
1.0,1.0,0.3549319543123445,0.34202506487028306,0.30304298081737235
1.0,1.0,0.3638127704822823,0.34664057029918566,0.289546659218532
1.0,1.0,0.35576187905487183,0.330477256190951,0.3137608647541772
1.0,1.0,0.3662338290328035,0.3405193651063152,0.29324680586088137
3.0,3.0,0.3207319284457051,0.3352392980154521,0.34402877353884287
2.0,2.0,0.33284634064734664,0.3471455418786892,0.3200081174739642
3.0,3.0,0.33290714278901246,0.3202812178757643,0.34681163933522324
3.0,3.0,0.3272171560717815,0.3191535830696106,0.3536292608586079
1.0,1.0,0.35608667802064586,0.34355046543169393,0.30036285654766026
1.0,1.0,0.35434460091898445,0.34594348920066975,0.2997119098803458
1.0,1.0,0.36571819800962,0.3401070495384522,0.2941747524519278
3.0,3.0,0.3317012229407988,0.3220407628644851,0.3462580141947162
1.0,1.0,0.3531784165890899,0.3474177995544042,0.299403783856506
1.0,1.0,0.34214914933954477,0.32188789964696285,0.33596295101349233
1.0,1.0,0.3622587279218368,0.3427428549325258,0.2949984171456375
1.0,1.0,0.35344731412558045,0.31723988008495196,0.32931280578946764
1.0,1.0,0.3448926758542036,0.33267716239866485,0.32243016174713157
1.0,1.0,0.34688216140497813,0.3466462680579637,0.3064715705370582
3.0,3.0,0.32487911846385914,0.31874262243705087,0.35637825909909
2.0,2.0,0.3418892243152593,0.3485549114313458,0.3095558642533949
1.0,1.0,0.3574679316357713,0.33696153377089866,0.30557053459333
1.0,1.0,0.36105421706671725,0.3316280132075888,0.3073177697256941
1.0,1.0,0.3517257724753592,0.34191769260650234,0.3063565349181385
1.0,1.0,0.3630281815253809,0.3434886671383591,0.29348315133626
1.0,1.0,0.36365689509567933,0.33858005189863927,0.29776305300568146
1.0,1.0,0.3709040298673599,0.3329183413992588,0.2961776287333813
1.0,1.0,0.3594101485589963,0.336940424925561,0.3036494265154428
1.0,1.0,0.3580743918103645,0.3380190035673537,0.30390660462228186
1.0,1.0,0.36048654332946006,0.3449702027117284,0.29454325395881154
1.0,1.0,0.36134188330277195,0.34729540830865996,0.29136270838856815
1.0,1.0,0.3586136625807376,0.3375253677922498,0.30386096962701264
1.0,1.0,0.353967308107952,0.3393607832760685,0.3066719086159795
1.0,1.0,0.35909845694803577,0.3401384314007494,0.3007631116512149
1.0,1.0,0.36059903486527545,0.34159186942548664,0.29780909570923786
1.0,1.0,0.36282800635305257,0.34564413286315604,0.2915278607837914
1.0,1.0,0.34736084099001285,0.33471692605783465,0.3179222329521524
1.0,1.0,0.35628160777238377,0.33723605706283555,0.3064823351647807
1.0,2.0,0.34234209700572216,0.3517285313523576,0.30592937164192036
1.0,1.0,0.351019053790934,0.3503358658482815,0.2986450803607844
1.0,1.0,0.35564578345436126,0.3307171992902441,0.3136370172553945
1.0,1.0,0.35580634609635553,0.33993811723068434,0.30425553667296024
1.0,1.0,0.3591574961697626,0.3264618077024365,0.3143806961278009
1.0,1.0,0.35480283189131756,0.33958347868873684,0.30561368941994566
1.0,1.0,0.3506684242409591,0.34735439616213626,0.3019771795969046
1.0,1.0,0.35937774718281457,0.3457766074229705,0.29484564539421493
1.0,1.0,0.35981314934402,0.34189491139705525,0.2982919392589248
3.0,3.0,0.3344530664455948,0.31132795387225437,0.3542189796821508
1.0,1.0,0.3466620324743787,0.32917260400320714,0.3241653635224142
3.0,3.0,0.332334318695147,0.32123137188969497,0.346434309415158
1.0,1.0,0.36328872777823334,0.3421110848649464,0.2946001873568202
2.0,2.0,0.3443000964630502,0.34886628549884513,0.3068336180381047
1.0,1.0,0.3555661389142686,0.34223804474848285,0.3021958163372486
1.0,1.0,0.3617704976601044,0.3336021892154396,0.30462731312445607
1.0,1.0,0.3444350420854218,0.3318660576324659,0.32369890028211235
1.0,1.0,0.3472296382078994,0.34172679918194254,0.311043562610158
2.0,1.0,0.34481994878344036,0.3409367442960209,0.31424330692053876
2.0,2.0,0.3302324249430953,0.3433376995731425,0.32642987548376223
1.0,1.0,0.35463703389321405,0.34583889641373616,0.29952406969304973
1.0,1.0,0.3639401909882662,0.33828355587798775,0.29777625313374617
1.0,1.0,0.35599348446248147,0.3422215524167903,0.30178496312072817
1.0,1.0,0.3637553727365383,0.34513110326828117,0.2911135239951804
1.0,2.0,0.344699088105896,0.3475768683782269,0.3077240435158772
1.0,1.0,0.3495387959996251,0.33665534840120653,0.31380585559916835
1.0,1.0,0.353522780815904,0.3436710296756689,0.302806189508427
1.0,1.0,0.36238781150478794,0.34060097447279536,0.29701121402241665
1.0,1.0,0.34710768403431785,0.3397153076220142,0.3131770083436679
2.0,1.0,0.3546585421428249,0.3425345788143898,0.30280687904278525
2.0,2.0,0.3333773326579065,0.34368281267190665,0.3229398546701869
2.0,2.0,0.34412507063600345,0.3469081877972102,0.3089667415667863
3.0,3.0,0.3300378954626298,0.3199349482155296,0.35002715632184067
1.0,1.0,0.36450104750049267,0.34647191362612445,0.2890270388733829
3.0,2.0,0.32788196396144115,0.340869401473985,0.3312486345645739
3.0,3.0,0.31954010835850505,0.3303211015286508,0.3501387901128442
1.0,1.0,0.35730595485293704,0.34280977659423467,0.2998842685528283
3.0,3.0,0.33636199321421106,0.3194248321293568,0.3442131746564321
2.0,2.0,0.33620889536537063,0.34009327980358856,0.3236978248310408
3.0,3.0,0.32799306080854307,0.3140948239402675,0.3579121152511894
3.0,3.0,0.3320965857937398,0.32659860344450903,0.3413048107617511
2.0,2.0,0.3418892243152593,0.3485549114313458,0.3095558642533949
1.0,1.0,0.3625159331222607,0.3397263271692004,0.2977577397085389
1.0,1.0,0.35272691856298183,0.3306861870924674,0.3165868943445508
1.0,1.0,0.3642519669852121,0.34618203967933764,0.28956599333545024
2.0,1.0,0.35308318260110194,0.34713865528502674,0.2997781621138714
1.0,1.0,0.3439088384710509,0.3332934487779694,0.3227977127509797
3.0,3.0,0.33012241106575896,0.3160939320465115,0.3537836568877295
1.0,1.0,0.3617199187537781,0.34049376313397084,0.2977863181122509
1.0,1.0,0.35137945498598583,0.3234826191690577,0.3251379258449566
1.0,1.0,0.35773027330598234,0.3396101023665595,0.30265962432745813
1.0,1.0,0.3579705033167801,0.3373841094529352,0.30464538723028467
1.0,1.0,0.3510404178908631,0.3432420285886705,0.3057175535204665
1.0,1.0,0.34939431133160587,0.34816002287027614,0.30244566579811794
1.0,1.0,0.35462592131491255,0.34248193897442614,0.3028921397106613
1.0,1.0,0.36251998832362803,0.345321501733109,0.292158509943263
1.0,1.0,0.35394605187261485,0.34901441903974784,0.29703952908763726
1.0,1.0,0.3416880222803101,0.33080406714499744,0.3275079105746925
1.0,1.0,0.34769919578801844,0.34117858852053856,0.31112221569144294
1.0,1.0,0.35943776032617264,0.34291764122464574,0.2976445984491816
3.0,3.0,0.31641768166713446,0.3149651931244194,0.3686171252084462
1.0,1.0,0.3528197036613029,0.3277895981526361,0.3193906981860611
1.0,1.0,0.3517278972337762,0.35009822872933244,0.2981738740368913
1.0,1.0,0.3524425789681561,0.3492473014650533,0.29831011956679065
1.0,1.0,0.3545862160372398,0.338692425207505,0.30672135875525525
1.0,1.0,0.3548896480667126,0.33744324825329064,0.3076671036799968
1.0,1.0,0.3654803252159153,0.3277624242671433,0.30675725051694147
1.0,1.0,0.3498452821762628,0.3414422844358453,0.3087124333878919
1.0,1.0,0.3590030117004471,0.3282594180205522,0.3127375702790007
2.0,2.0,0.3454532095554898,0.34694002546622404,0.30760676497828615
1.0,1.0,0.36251998832362803,0.345321501733109,0.292158509943263
1.0,1.0,0.36225367483985627,0.3401913876542307,0.29755493750591305
1.0,3.0,0.3423037152289343,0.3122620457299393,0.3454342390411263
1.0,1.0,0.362878430580972,0.3399860781545174,0.29713549126451055
3.0,3.0,0.32335963122140626,0.32261373675098604,0.35402663202760765
1.0,1.0,0.3618961369493728,0.3377814831368698,0.30032237991375743
1.0,1.0,0.3443536560634374,0.32704147582425397,0.32860486811230855
1.0,1.0,0.36592435053928635,0.3418312605124502,0.29224438894826343
1.0,1.0,0.34213542192970314,0.3220707369939933,0.3357938410763035
2.0,2.0,0.33095945423407425,0.34453677481829237,0.32450377094763344
1.0,1.0,0.3554683397667399,0.33642193569495865,0.30810972453830143
1.0,1.0,0.35900537181294684,0.32892661141840507,0.3120680167686481
1.0,1.0,0.35806564976859834,0.3401090517310686,0.30182529850033313
1.0,1.0,0.36091432227633047,0.3476640080902493,0.29142166963342025
1.0,1.0,0.3599624403857138,0.342031740209094,0.29800581940519233
1.0,1.0,0.3599073565969538,0.3386494889524351,0.3014431544506112
2.0,1.0,0.34518028485934543,0.3400326590669041,0.3147870560737504
1.0,1.0,0.35748874894825294,0.34440728923716724,0.2981039618145799
1.0,1.0,0.35781264865488166,0.34044324111853563,0.30174411022658265
1.0,1.0,0.3618259975473289,0.34093354874464676,0.29724045370802443
1.0,1.0,0.352974810210794,0.33692135791284866,0.3101038318763572
1.0,1.0,0.3465266448281646,0.3171272687470938,0.3363460864247417
1.0,1.0,0.34661607887877527,0.3230813759968761,0.3303025451243486
1.0,1.0,0.35879012134416627,0.32692397770192977,0.314285900953904
1.0,1.0,0.34912453762858886,0.33939853121695535,0.3114769311544559
1.0,1.0,0.34085840431447856,0.33658854181768877,0.3225530538678327
1.0,1.0,0.3561069574003265,0.3412050283232177,0.3026880142764559
1.0,1.0,0.350003969676483,0.3400738176959813,0.3099222126275356
1.0,1.0,0.3573188807985922,0.3369529328970708,0.3057281863043371
2.0,2.0,0.3263193680756472,0.3431971081019192,0.33048352382243357
1.0,1.0,0.3515428964384932,0.3410493119888536,0.30740779157265335
1.0,2.0,0.3454786577550171,0.3464083347809298,0.30811300746405307
1.0,1.0,0.35306644920913843,0.32925751323205155,0.3176760375588101
1.0,1.0,0.35241668487036015,0.34402584107678386,0.30355747405285605
1.0,1.0,0.35610213269424634,0.34202875197442806,0.3018691153313256
1.0,1.0,0.3624269457185901,0.3326368934342733,0.30493616084713676
1.0,1.0,0.35884018229021114,0.34043308862311805,0.3007267290866707
2.0,2.0,0.3321036813379352,0.34651694580773984,0.321379372854325
1.0,1.0,0.3528283455290105,0.32474335892247863,0.32242829554851105
1.0,1.0,0.3595549285334484,0.3411900797953586,0.299254991671193
1.0,1.0,0.3376464954004144,0.3268586735142956,0.3354948310852901
1.0,1.0,0.3587638073085567,0.3321283570352385,0.3091078356562047
1.0,1.0,0.35373775862839085,0.34270319624519346,0.3035590451264157
1.0,1.0,0.3523427821749112,0.3346245360782479,0.3130326817468409
1.0,1.0,0.34624483440617293,0.32688410924572625,0.32687105634810076
1.0,1.0,0.35462592131491255,0.34248193897442614,0.3028921397106613
1.0,1.0,0.3581016684286786,0.3462370509929478,0.2956612805783736
1.0,1.0,0.35529787054036416,0.3408943449684957,0.3038077844911402
1.0,1.0,0.3625722744816545,0.3404528873767723,0.29697483814157316
1.0,1.0,0.34098759189502387,0.33713041196941684,0.32188199613555935
2.0,2.0,0.3431888749038711,0.345995120717157,0.31081600437897183
2.0,1.0,0.3450923341948705,0.34146365168955745,0.31344401411557204
1.0,1.0,0.36127522661700323,0.34350467167063187,0.2952201017123649
2.0,2.0,0.3334282004339476,0.3410032152207147,0.32556858434533764
1.0,1.0,0.3590781137827948,0.3446365556607352,0.29628533055647005
1.0,1.0,0.35272269540081985,0.351318366325096,0.2959589382740842
1.0,1.0,0.36094241049652176,0.3316559213978226,0.30740166810565567
2.0,2.0,0.351146504294424,0.3528490030025089,0.2960044927030671
1.0,1.0,0.35248875795704243,0.3186193832072253,0.3288918588357322
1.0,1.0,0.3521603031236464,0.3459922607395854,0.3018474361367683
1.0,1.0,0.35494378386444386,0.34374825858492186,0.3013079575506342
1.0,1.0,0.3515519237494585,0.34235787561455777,0.3060902006359838
2.0,1.0,0.3507478221293387,0.34392856561152224,0.3053236122591391
1.0,1.0,0.3580574383912623,0.3239770818345432,0.3179654797741946
2.0,2.0,0.34177937621837956,0.34284773872385615,0.31537288505776423
1.0,1.0,0.35311805739074675,0.3435922507558268,0.30328969185342647
1.0,1.0,0.34942346781039896,0.322468529388668,0.3281080028009331
1.0,1.0,0.36319528814834656,0.3396316311062755,0.29717308074537785
2.0,2.0,0.3405496018664504,0.343902133363089,0.3155482647704606
1.0,1.0,0.35806320725377727,0.3401162558203151,0.30182053692590766
2.0,2.0,0.3414851242388155,0.3446613904513585,0.313853485309826
1.0,1.0,0.35500824986861484,0.3418433936272176,0.30314835650416755
1.0,1.0,0.3415596307864887,0.33210361606236183,0.32633675315114946
1.0,1.0,0.34718971322108555,0.3400034357148919,0.3128068510640227
1.0,1.0,0.36332521908256693,0.3380601010191836,0.29861467989824947
1.0,1.0,0.35861056806670943,0.32821833562302244,0.3131710963102682
2.0,2.0,0.33175255553153926,0.3463557984093635,0.32189164605909715
1.0,1.0,0.34880506668811057,0.34262205157328063,0.3085728817386088
1.0,1.0,0.36157483450524974,0.3377458511843143,0.30067931431043593
1.0,1.0,0.35999866749478004,0.34013932646646294,0.29986200603875696
3.0,3.0,0.3356845814290949,0.30468796592181446,0.35962745264909063
1.0,1.0,0.34548265127303457,0.34537321137028715,0.30914413735667823
2.0,2.0,0.3291255393905483,0.34727655995391177,0.3235979006555399
1.0,2.0,0.34810165876752786,0.34885121506657296,0.3030471261658993
2.0,2.0,0.33495148948479186,0.34075075625772155,0.3242977542574865
1.0,1.0,0.3469723745278554,0.3412586721691921,0.31176895330295257
1.0,1.0,0.3644263743885093,0.33878339794593026,0.29679022766556046
2.0,2.0,0.3437820240982008,0.3440451650745452,0.31217281082725407
3.0,3.0,0.3254648368502655,0.32566469692324024,0.34887046622649437
1.0,1.0,0.3529217517694265,0.34013704979246656,0.306941198438107
1.0,1.0,0.36084047774348527,0.3399614188537704,0.2991981034027444
1.0,1.0,0.3522324538831608,0.3321932701659457,0.3155742759508934
3.0,3.0,0.3070985905862792,0.3218927744559127,0.37100863495780806
1.0,1.0,0.3598107181189148,0.33766998329175296,0.3025192985893323
1.0,1.0,0.3583759370075321,0.339776192930289,0.3018478700621788
1.0,1.0,0.3521678230769095,0.34430316114781595,0.3035290157752746
1.0,2.0,0.34088079686201883,0.34295211465213965,0.31616708848584146
1.0,1.0,0.3560676762262022,0.3256176608977156,0.31831466287608223
1.0,1.0,0.3549548620258321,0.3375884920901033,0.3074566458840646
1.0,1.0,0.3598088737859231,0.33606772054049167,0.3041234056735853
1.0,1.0,0.3660413902843079,0.3398832898557515,0.2940753198599406
1.0,1.0,0.3526795072854853,0.3444301067114912,0.30289038600302354
1.0,1.0,0.35090565598696677,0.33086676039037477,0.31822758362265857
1.0,1.0,0.3527568426661057,0.3465778068315256,0.3006653505023687
1.0,1.0,0.3589813172217631,0.34164850420520604,0.29937017857303094
2.0,1.0,0.35250919900156974,0.3457308841874788,0.30175991681095155
1.0,2.0,0.3389201175283932,0.3399899452284951,0.3210899372431116
1.0,1.0,0.3512038534139666,0.3486021696201968,0.3001939769658366
1.0,1.0,0.3560985237223469,0.3418691159957645,0.3020323602818885
3.0,1.0,0.35383729097283273,0.31369886330781493,0.3324638457193523
1.0,1.0,0.35240012164523404,0.34080746104074927,0.30679241731401674
1.0,1.0,0.3584894090015494,0.3384138175943586,0.30309677340409186
1.0,2.0,0.34604628080355065,0.348859108210705,0.30509461098574436
1.0,1.0,0.3605177322777404,0.34667308523743295,0.2928091824848266
1.0,1.0,0.3564313503241672,0.33445464319753865,0.3091140064782941
1.0,1.0,0.3498216735152814,0.3396787849162943,0.3104995415684243
1.0,1.0,0.34516700296361547,0.33078297908927906,0.32405001794710553
1.0,1.0,0.355680816569816,0.34200519262213114,0.30231399080805293
1.0,1.0,0.3537476939173478,0.3257403897057518,0.3205119163769004
1.0,1.0,0.36306254030384394,0.34617732839919774,0.2907601312969582
1.0,1.0,0.3615041396806987,0.3406420327133528,0.2978538276059485
1.0,1.0,0.35270905939800024,0.34350008548103095,0.3037908551209687
1.0,1.0,0.35030643107700443,0.33760236996089843,0.3120911989620972
1.0,1.0,0.36640062865063655,0.33804907309068355,0.29555029825867996
3.0,3.0,0.33932032580334903,0.3098024421472863,0.3508772320493648
1.0,1.0,0.34328429651131653,0.34169813335890764,0.3150175701297758
2.0,2.0,0.3363136847647319,0.34483133070982236,0.31885498452544575
